[[727  19  43  25  22   4   6   9 110  35]
 [ 19 825   7   7   3   8   8   4  34  85]
 [ 63   4 625  57  78  70  44  36  18   5]
 [ 14   7  74 535  54 213  43  35  13  12]
 [ 21   2  67  75 664  43  32  85   7   4]
 [  9   2  40 143  38 679  20  49   8  12]
 [  8   4  41  51  42  58 767  10  11   8]
 [ 15   2  26  41  37  76   5 781   2  15]
 [ 33  31  10  13   8   8   3   4 873  17]
 [ 37  85   7  17   0   7   6  13  35 793]]

[[0.727 0.019 0.043 0.025 0.022 0.004 0.006 0.009 0.11  0.035]
 [0.019 0.825 0.007 0.007 0.003 0.008 0.008 0.004 0.034 0.085]
 [0.063 0.004 0.625 0.057 0.078 0.07  0.044 0.036 0.018 0.005]
 [0.014 0.007 0.074 0.535 0.054 0.213 0.043 0.035 0.013 0.012]
 [0.021 0.002 0.067 0.075 0.664 0.043 0.032 0.085 0.007 0.004]
 [0.009 0.002 0.04  0.143 0.038 0.679 0.02  0.049 0.008 0.012]
 [0.008 0.004 0.041 0.051 0.042 0.058 0.767 0.01  0.011 0.008]
 [0.015 0.002 0.026 0.041 0.037 0.076 0.005 0.781 0.002 0.015]
 [0.033 0.031 0.01  0.013 0.008 0.008 0.003 0.004 0.873 0.017]
 [0.037 0.085 0.007 0.017 0.    0.007 0.006 0.013 0.035 0.793]]

