50 epochs

[818  40  16   0   0  15   2  36  59  14]
 [168 687   2   0   0  12   1  22  89  19]
 [288  54 231   8   0 188   5  89 123  14]
 [268  40  50  26   0 386  13 105 103   9]
 [295  87  94   1   2 104  11 200 195  11]
 [156  25  51  10   0 585   5 111  52   5]
 [213  99  61   8   0 124 140  54 299   2]
 [179  31  18   1   0 114   1 615  32   9]
 [504  90   6   0   0  22   0  37 293  48]
 [300 267   3   1   0  37   2  87  33 270]

100 epochs

[811  42  13   5   0   6   2  61  55   5]
 [144 722   1   2   0   9   1  28  81  12]
 [281  47 149  36   0  91  23 249 119   5]
 [235  35  29  97   0 152  47 302  98   5]
 [278  85  39  15  10  36  30 393 108   6]
 [141  28  20  61   0 314  18 336  80   2]
 [137 108  38  28   0  51 247 216 174   1]
 [179  38   9   1   0  33   6 709  20   5]
 [455  85   5   2   0   4   0  44 389  16]
 [334 324   8   2   0  12   4  86  39 191]

150 epochs

[853  37   9   2   1   8   1  56  18  15]
 [137 765   2   1   0   6   0  27  25  37]
 [296  56 170  27   0 100  18 273  39  21]
 [234  47  39  94   2 180  33 331  26  14]
 [314  78  41  12  16  57  26 398  32  26]
 [133  28  30  40   0 371  14 356  18  10]
 [206 147  44  25   1  63 242 208  52  12]
 [134  33  12   3   0  32   3 761   4  18]
 [503  90   3   4   0   5   0  51 282  62]
 [236 239   3   1   0   8   0  62   8 443]

200 epochs

[781  29   9   4   2  14   2 127  17  15]
 [140 693   5   3   0  10   2  80  31  36]
 [200  18 135  23   3 127  15 447  22  10]
 [114  27  22  88   3 230  27 468  15   6]
 [171  29  25   8  29  91  22 592  14  19]
 [ 55   8  17  26   2 399  17 466   7   3]
 [107  68  21  28   0 112 242 376  35  11]
 [ 67   6   4   4   1  44   3 856   6   9]
 [442  66   2   5   1  21   1 142 262  58]
 [218 187   2   4   0  27   4 180   9 369]

250 epochs

[815  39  12   4   2  10   3  77  29   9]
 [130 750   2   3   0  10   2  33  44  26]
 [246  39 149  50   3 116  22 313  53   9]
 [167  30  26 139   1 237  33 328  33   6]
 [233  48  28  35  19 103  29 454  32  19]
 [ 89  18  20  55   1 425  20 348  20   4]
 [148  96  32  43   0 108 256 255  52  10]
 [122  21  10   7   2  49   6 758  14  11]
 [465  77   2   9   1  11   0  62 337  36]
 [281 260   5   7   0  16   3  85  19 324]

300 epochs

[821  38   9   4   1  10   4  77  22  14]
 [132 740   0   2   0   6   2  38  34  46]
 [263  36 134  35   3 113  27 333  40  16]
 [175  32  21 129   1 212  34 367  19  10]
 [237  48  23  19  17  89  33 478  25  31]
 [ 92  14  17  50   2 405  17 380  15   8]
 [143  89  19  45   0 101 302 256  29  16]
 [121  13   7   9   1  41   3 782   9  14]
 [455  85   2   7   1  15   0  78 302  55]
 [227 233   1   2   0  15   2  92  15 413]

350 epochs

[[792  41  17  12   3  15   4  86  22   8]
 [136 732   5   7   0  12   3  52  30  23]
 [216  27 187  51   5 139  30 309  27   9]
 [124  24  32 155   3 273  41 329  14   5]
 [184  36  39  31  29 129  42 479  15  16]
 [ 62   8  28  64   1 486  25 314   9   3]
 [ 99  76  35  52   0 136 326 238  28  10]
 [ 98  16  15  10   2  69   4 773   6   7]
 [444  90   2  15   1  24   3  99 292  30]
 [243 254   4  10   0  31   6 118  13 321]

400 epochs

[821  43  11   7   3  12   3  68  22  10]
 [148 730   1   4   0   7   2  41  32  35]
 [266  49 141  42   2 118  28 286  54  14]
 [153  33  28 159   1 233  46 308  25  14]
 [218  71  19  29  30  87  50 435  29  32]
 [ 85  17  22  66   3 437  23 321  20   6]
 [140 116  19  46   0 105 301 213  42  18]
 [130  19  12  12   2  49   3 747  12  14]
 [453  89   3  11   1  14   1  76 310  42]
 [253 257   2   7   0  18   2  86  13 362]

450 epochs

[795  46  11   8   3  11   4  89  22  11]
 [134 747   1   5   0   6   3  50  27  27]
 [256  35 143  37   3 111  31 334  41   9]
 [141  27  31 152   3 222  48 353  18   5]
 [203  56  21  30  23  93  49 474  24  27]
 [ 75  16  19  63   2 413  25 369  14   4]
 [114  97  19  51   0 115 330 236  27  11]
 [118  18  12  10   1  46   3 769   9  14]
 [438 104   2  10   2  16   3  92 299  34]
 [254 270   1   7   0  18   3 108  11 328]

500 epochs

[798  45  11  10   3  12   5  81  26   9]
 [150 725   2   6   0   6   4  46  30  31]
 [250  40 144  43   3 113  46 302  51   8]
 [146  27  32 150   3 223  69 323  21   6]
 [218  62  21  31  24  85  70 436  28  25]
 [ 78  15  22  68   2 413  38 343  17   4]
 [106  93  16  47   0 109 379 201  34  15]
 [137  21  12  11   1  49   6 736  12  15]
 [432  95   2  11   1  16   8  83 317  35]
 [264 263   3   7   0  22   6  96  13 326]

600 epochs

[762  58  17  12   4  13   5  90  28  11]
 [111 759   2   8   0   8   5  49  31  27]
 [211  50 156  49   2 122  49 314  39   8]
 [111  28  28 171   4 238  64 331  17   8]
 [151  76  28  37  26 108  68 459  24  23]
 [ 58  14  25  83   1 438  37 327  14   3]
 [ 73 111  18  52   0 127 380 204  25  10]
 [107  23  13  12   1  56   6 761  11  10]
 [403 106   2  13   0  16   5 104 318  33]
 [228 285   1   9   0  19   9 111  17 321]

700 epochs

[790  57  11  12   4   9   5  71  28  13]
 [124 772   1   7   0   5   2  33  32  24]
 [263  57 147  56   4 130  40 247  44  12]
 [146  35  24 182   3 259  54 261  24  12]
 [214  85  21  43  29 116  56 387  26  23]
 [ 90  19  22  81   3 472  25 262  20   6]
 [117 127  17  57   1 129 333 178  29  12]
 [140  26  12  17   3  66   6 707  11  12]
 [431 111   1  11   3  12   3  65 332  31]
 [260 302   1  10   1  17   3  74  21 311]


800 epochs

[779  59  10  12   4   8   4  85  28  11]
 [124 756   2   7   0   7   3  45  32  24]
 [252  51 145  47   3 120  44 291  39   8]
 [139  34  31 157   2 235  54 321  20   7]
 [190  80  21  32  21 104  57 452  26  17]
 [ 84  14  20  73   1 431  24 331  18   4]
 [104 111  18  47   0 124 346 211  29  10]
 [123  23  13  12   1  56   5 746  11  10]
 [414 108   2  11   0  14   5  83 334  29]
 [267 281   1   6   1  20   5  98  22 299]

900 epochs

[752  59  11  14   4  10   4 103  30  13]
 [115 754   2   8   0   7   4  57  30  23]
 [221  50 129  55   3 130  42 330  33   7]
 [113  28  26 171   3 239  55 340  19   6]
 [162  74  22  32  21 114  57 480  20  18]
 [ 66  13  20  75   0 443  24 341  14   4]
 [ 95 106  17  49   0 131 345 221  29   7]
 [101  17  11  15   1  58   7 769  12   9]
 [376 109   2  12   3  20   6 105 340  27]
 [245 282   1   6   0  23   5 120  20 298]

1000 epochs

[776  61  13  12   4  10   5  82  26  11]
 [118 764   1   6   0   7   4  46  28  26]
 [239  55 141  53   3 142  44 277  37   9]
 [128  35  24 171   2 259  57 297  19   8]
 [176  88  22  36  24 114  65 430  25  20]
 [ 73  17  22  78   0 474  27 291  13   5]
 [ 94 115  17  48   0 137 358 199  23   9]
 [115  26  14  15   2  64   7 736  11  10]
 [403 117   2  15   2  19   5  84 323  30]
 [247 290   1   8   1  22   5 100  20 306]