50 epochs:

[[794  53   2   5   1   0   2  28  76  39]
 [ 28 889   0   1   0   0   0   9  21  52]
 [328  81 205  52   4   0  51 155  85  39]
 [149  47   6 338   5   0  36 219 120  80]
 [218  61   7  31  93   0  70 333 132  55]
 [175  66  19 261   8   0  35 243  90 103]
 [ 74  77   0  39   0   0 485 150 134  41]
 [ 83  29   2   9   2   0   5 772  30  68]
 [239  61   1   1   1   0   4  15 624  54]
 [ 30  78   0   3   0   0   0  15  11 863]]

100 epochs:

[[918  35   4   3   0   0   0  17  15   8]
 [ 65 891   0   0   0   0   0  13   9  22]
 [432  29 321  20   1   0   0 160  26  11]
 [357  65  26 156   1   0   3 274  88  30]
 [331  49  38  25  54   0  10 456  29   8]
 [384  68  34  91   0   0   5 327  36  55]
 [274 141  22  13   0   0 105 240 181  24]
 [102  11   4   3   1   0   0 865   5   9]
 [415 115   6   2   1   0   0  19 425  17]
 [114 141   0   0   0   0   0  45   8 692]]

150 epochs:

[[863  29  14  26   1   0   0  19  40   8]
 [ 59 878   0   5   0   0   0  13  29  16]
 [345  24 292  99   0   0   8 175  46  11]
 [223  39  12 405   3   0   5 214  80  19]
 [286  28  15 114  70   0   7 438  37   5]
 [266  52  22 308   4   0   3 267  41  37]
 [186 103   7 114   0   0 145 246 177  22]
 [ 90  14   5  29   1   0   0 845   7   9]
 [287  70   3  30   0   0   0   9 590  11]
 [101 154   1  14   0   0   0  41  22 667]]

200 epochs:

[[813  16  19  69   2   0   0  38  33  10]
 [ 57 853   1  14   0   0   0  21  24  30]
 [245  16 281 155   0   0  13 244  33  13]
 [120  26  10 574   2   0   2 214  39  13]
 [157  18  15 162  71   0  10 547  17   3]
 [167  34  20 449   3   0   3 281  18  25]
 [115  89   7 208   2   0 205 265  88  21]
 [ 44   6   1  35   2   0   0 898   4  10]
 [274  37   3 111   1   0   0  16 530  28]
 [ 73 107   2  29   0   0   0  70  20 699]]

250 epochs:

[[855  45   4  34   0   0   0  15  39   8]
 [ 52 911   0   6   0   0   0   6  18   7]
 [372  48 215 118   0   0  15 189  36   7]
 [223  85   7 441   0   0   3 155  75  11]
 [235  64  19 140  15   0  15 469  39   4]
 [249  95  13 348   0   0   5 224  48  18]
 [172 188   4 142   0   0 171 168 145  10]
 [ 90  26   1  35   0   0   0 831   9   8]
 [275  96   1  72   0   0   0  14 530  12]
 [105 289   1  16   0   0   0  40  22 527]]

300 epochs:

[[819  40   6  61   1   0   0  20  47   6]
 [ 40 905   0  17   0   0   0  14  19   5]
 [312  32 230 185   0   0  12 184  41   4]
 [159  52   7 549   0   0   4 171  55   3]
 [183  48  15 230  24   0   8 459  31   2]
 [190  62  11 456   0   0   3 231  40   7]
 [117 153   6 244   0   0 141 202 132   5]
 [ 65  18   1  68   0   0   0 835   8   5]
 [222  97   1  90   0   0   0  14 568   8]
 [107 342   2  32   0   0   1  58  39 419]]

350 epochs:

[[825  21   6  78   0   0   1  28  30  11]
 [ 62 871   0  22   0   0   0  17  13  15]
 [312  19 209 217   0   0  11 197  26   9]
 [152  46  10 561   0   0   2 177  45   7]
 [153  41  22 225  12   0   8 513  23   3]
 [210  53  14 444   0   0   3 238  27  11]
 [122 114   9 312   0   0 131 197 102  13]
 [ 68  13   1  76   0   0   0 831   5   6]
 [335  61   2 149   0   0   0  23 413  17]
 [116 280   3  35   0   0   0  71  12 483]]

400 epochs:

[[847  38   4  43   0   0   0  24  42   2]
 [ 47 902   0   8   0   0   0  18  19   6]
 [384  39 193 138   0   0  17 188  37   4]
 [220  66   6 422   0   0   3 222  59   2]
 [220  67  15 154  17   0   9 493  24   1]
 [250  89  10 332   0   0   3 269  39   8]
 [170 194   3 190   0   0 142 179 120   2]
 [ 88  19   0  37   0   0   0 847   5   4]
 [285  97   0  87   0   0   0  18 510   3]
 [137 372   3  15   0   0   0  70  16 387]]

450 epochs:

[[847  38   4  43   0   0   0  24  42   2]
 [ 47 902   0   8   0   0   0  18  19   6]
 [384  39 193 138   0   0  17 188  37   4]
 [220  66   6 422   0   0   3 222  59   2]
 [220  67  15 154  17   0   9 493  24   1]
 [250  89  10 332   0   0   3 269  39   8]
 [170 194   3 190   0   0 142 179 120   2]
 [ 88  19   0  37   0   0   0 847   5   4]
 [285  97   0  87   0   0   0  18 510   3]
 [137 372   3  15   0   0   0  70  16 387]]

500 epochs:

[[777  24   4 116   0   0   0  39  38   2]
 [ 65 845   0  36   0   0   0  29  21   4]
 [329  28 129 245   0   0  13 235  19   2]
 [117  36   4 613   0   0   0 205  24   1]
 [124  38   8 279   9   0   4 526  11   1]
 [136  44   6 522   1   0   1 266  18   6]
 [119 121   3 378   0   0  97 212  69   1]
 [ 52  10   0  72   0   0   0 860   3   3]
 [252  58   0 207   0   0   0  24 456   3]
 [149 292   2  57   0   0   0 123  32 345]]

